36
0 0 - 0 0
0.25 0 - 0.33 0
0.7 0 - 0.6 0
1 0 - 1 0
0.13 0.3 - 0.12 0.3
0.45 0.15 - 0.37 0.15
0.53 0.15 - 0.47 0.13
0.62 0.15 - 0.6 0.15
0.87 0.25 - 0.82 0.25
0.4 0.2 - 0.27 0.28
0.53 0.25 - 0.46 0.3
0.7 0.2 - 0.65 0.25
0.44 0.3 - 0.33 0.33
0.62 0.3 - 0.63 0.33
0.35 0.42 - 0.25 0.43
0.45 0.48 - 0.4 0.48
0.6 0.48 - 0.55 0.48
0.75 0.42 - 0.75 0.42
0 0.45 - 0 0.45
0.1 0.55 - 0.1 0.5
0.25 0.6 - 0.2 0.59
0.43 0.57 - 0.33 0.56
0.6 0.57 - 0.58 0.55
0.7 0.62 - 0.7 0.59
0.9 0.55 - 0.85 0.5
1 0.5 - 1 0.45
0 0.65 - 0 0.65
0.9 0.7 - 0.8 0.65
1 0.68 - 1 0.68
0.2 0.78 - 0.2 0.78
0.5 0.87 - 0.5 0.8
0.78 0.83 - 0.8 0.75
0 1 - 0 1
0.5 1 - 0.5 1
1 1 - 1 1
0.51 0.55 - 0.5 0.55
59
0 1 4
1 5 4
1 6 5
6 1 2 
6 2 7
7 2 8
8 2 3
18 0 4
9 4 5
10 9 5
10 5 6
10 6 7
11 10 7
11 7 8
25 8 3
19 18 4
19 4 14
14 4 9
14 9 12
12 9 10
14 12 15
15 12 10
16 15 10
16 10 13
13 10 11
17 13 11
17 11 8
24 17 8
24 8 25
26 18 19
20 19 14
20 14 21
21 14 15
21 15 35
35 15 16
35 16 22
22 16 17
22 17 23
23 17 24
23 24 27
27 24 28
31 23 27
32 26 19
32 19 29
29 19 20
29 20 30
30 20 21
30 21 22
30 22 31
31 22 23
32 29 33
33 29 30
33 30 31
33 31 34
34 31 27
34 27 28
13 17 16
28 24 25
21 22 35




